6.0
133.0
6.0
133.0
7.0
133.0
8.0
133.0
9.0
132.0
10.0
131.0
11.0
130.0
12.0
129.0
12.0
129.0
13.0
129.0
14.0
129.0
16.0
127.0
17.0
125.0
19.0
123.0
21.0
122.0
22.0
121.0
23.0
120.0
24.0
118.0
26.0
116.0
28.0
114.0
29.0
113.0
30.0
112.0
32.0
111.0
33.0
110.0
33.0
110.0
34.0
109.0
36.0
108.0
37.0
107.0
40.0
106.0
41.0
106.0
43.0
105.0
44.0
105.0
45.0
105.0
46.0
105.0
48.0
104.0
48.0
104.0
50.0
104.0
51.0
104.0
52.0
104.0
53.0
104.0
54.0
104.0
55.0
104.0
57.0
104.0
59.0
104.0
60.0
104.0
61.0
104.0
62.0
104.0
64.0
104.0
66.0
104.0
69.0
104.0
72.0
103.0
74.0
103.0
77.0
104.0
79.0
104.0
80.0
104.0
81.0
104.0
82.0
105.0
84.0
105.0
86.0
106.0
88.0
106.0
90.0
107.0
91.0
108.0
93.0
108.0
94.0
109.0
96.0
110.0
97.0
111.0
97.0
111.0
99.0
112.0
100.0
113.0
102.0
114.0
104.0
115.0
106.0
116.0
107.0
118.0
109.0
120.0
109.0
120.0
111.0
122.0
113.0
124.0
114.0
126.0
116.0
128.0
118.0
130.0
120.0
132.0
122.0
135.0
123.0
137.0
124.0
139.0
125.0
141.0
126.0
143.0
128.0
145.0
129.0
147.0
130.0
149.0
131.0
150.0
132.0
152.0
133.0
154.0
134.0
156.0
135.0
158.0
136.0
160.0
137.0
161.0
138.0
163.0
139.0
166.0
140.0
169.0
140.0
171.0
140.0
173.0
140.0
175.0
140.0
176.0
140.0
177.0
140.0
179.0
140.0
181.0
140.0
184.0
140.0
186.0
140.0
188.0
140.0
190.0
140.0
191.0
140.0
192.0
140.0
193.0
140.0
195.0
140.0
197.0
139.0
199.0
138.0
201.0
138.0
203.0
137.0
206.0
136.0
208.0
135.0
211.0
134.0
213.0
133.0
216.0
132.0
218.0
131.0
220.0
130.0
222.0
129.0
224.0
128.0
226.0
127.0
228.0
124.0
232.0
122.0
235.0
120.0
237.0
118.0
239.0
116.0
241.0
113.0
244.0
112.0
246.0
110.0
248.0
36.0
95.0
36.0
90.0
36.0
85.0
36.0
80.0
35.0
76.0
35.0
71.0
35.0
65.0
35.0
58.0
35.0
52.0
35.0
47.0
35.0
42.0
35.0
39.0
35.0
33.0
35.0
26.0
37.0
17.0
38.0
10.0
39.0
5.0
37.0
98.0
37.0
98.0
37.0
97.0
37.0
96.0
37.0
95.0
37.0
94.0
37.0
93.0
37.0
93.0
37.0
92.0
37.0
92.0
37.0
91.0
37.0
90.0
37.0
89.0
37.0
88.0
37.0
88.0
37.0
87.0
37.0
86.0
37.0
85.0
35.0
83.0
35.0
83.0
35.0
82.0
35.0
81.0
35.0
80.0
35.0
79.0
35.0
78.0
34.0
75.0
34.0
75.0
34.0
74.0
34.0
73.0
34.0
72.0
34.0
71.0
33.0
67.0
33.0
65.0
33.0
62.0
33.0
60.0
33.0
60.0
33.0
59.0
33.0
57.0
33.0
55.0
33.0
54.0
33.0
50.0
33.0
48.0
33.0
45.0
33.0
43.0
32.0
41.0
32.0
41.0
32.0
40.0
32.0
39.0
33.0
35.0
33.0
34.0
34.0
29.0
34.0
27.0
34.0
23.0
34.0
22.0
34.0
20.0
35.0
15.0
36.0
10.0
38.0
4.0
39.0
-2.0
40.0
-6.0
41.0
-11.0
42.0
-13.0
42.0
-13.0
42.0
-14.0
42.0
-15.0
92.0
96.0
92.0
94.0
91.0
91.0
90.0
88.0
91.0
85.0
91.0
83.0
92.0
81.0
92.0
79.0
93.0
77.0
93.0
76.0
95.0
74.0
95.0
74.0
96.0
72.0
96.0
70.0
97.0
68.0
98.0
66.0
99.0
65.0
100.0
63.0
101.0
61.0
102.0
59.0
103.0
56.0
105.0
54.0
106.0
52.0
108.0
49.0
109.0
48.0
109.0
46.0
110.0
45.0
111.0
43.0
113.0
41.0
113.0
40.0
115.0
38.0
117.0
36.0
119.0
33.0
120.0
31.0
122.0
28.0
125.0
24.0
127.0
21.0
130.0
17.0
132.0
13.0
136.0
7.0
138.0
3.0
141.0
0.0
143.0
-3.0
145.0
-7.0
148.0
-10.0
137.0
127.0
138.0
126.0
140.0
123.0
142.0
121.0
143.0
120.0
145.0
119.0
146.0
117.0
147.0
116.0
148.0
115.0
150.0
114.0
152.0
113.0
154.0
111.0
156.0
109.0
158.0
107.0
160.0
105.0
161.0
104.0
163.0
102.0
166.0
100.0
170.0
97.0
173.0
94.0
177.0
91.0
180.0
87.0
183.0
85.0
185.0
83.0
187.0
81.0
189.0
79.0
192.0
76.0
194.0
73.0
196.0
71.0
199.0
68.0
201.0
65.0
203.0
63.0
205.0
61.0
207.0
58.0
211.0
55.0
217.0
50.0
222.0
45.0
227.0
40.0
232.0
35.0
236.0
31.0
240.0
28.0
244.0
23.0
249.0
19.0
255.0
14.0
261.0
9.0
266.0
4.0
272.0
0.0
165.0
175.0
164.0
174.0
165.0
171.0
167.0
169.0
167.0
168.0
168.0
167.0
169.0
166.0
170.0
165.0
172.0
164.0
174.0
162.0
175.0
161.0
178.0
160.0
180.0
159.0
182.0
158.0
183.0
158.0
184.0
158.0
185.0
158.0
187.0
157.0
189.0
156.0
192.0
154.0
195.0
153.0
197.0
153.0
199.0
152.0
202.0
152.0
206.0
151.0
209.0
151.0
212.0
151.0
214.0
151.0
215.0
151.0
217.0
151.0
219.0
151.0
221.0
151.0
222.0
150.0
226.0
149.0
229.0
148.0
233.0
147.0
236.0
146.0
240.0
145.0
242.0
145.0
245.0
145.0
248.0
145.0
251.0
144.0
255.0
143.0
258.0
142.0
261.0
141.0
265.0
140.0
271.0
138.0
277.0
137.0
283.0
135.0
289.0
134.0
293.0
133.0
299.0
132.0
304.0
132.0
309.0
132.0
314.0
131.0
319.0
130.0
323.0
129.0
329.0
128.0
333.0
128.0
331.0
128.0
331.0
128.0
331.0
128.0
332.0
128.0
332.0
128.0
333.0
128.0
334.0
128.0
335.0
128.0
335.0
128.0
336.0
128.0
337.0
128.0
338.0
127.0
339.0
127.0
340.0
127.0
341.0
126.0
344.0
125.0
346.0
125.0
348.0
125.0
350.0
125.0
352.0
125.0
354.0
125.0
358.0
125.0
360.0
125.0
363.0
125.0
366.0
125.0
369.0
125.0
371.0
125.0
374.0
125.0
377.0
124.0
381.0
123.0
384.0
122.0
388.0
122.0
393.0
122.0
400.0
122.0
407.0
121.0
413.0
121.0
419.0
120.0
427.0
119.0
166.0
217.0
167.0
216.0
172.0
214.0
177.0
214.0
182.0
214.0
185.0
214.0
189.0
214.0
192.0
214.0
195.0
214.0
199.0
214.0
203.0
214.0
206.0
214.0
210.0
214.0
215.0
214.0
219.0
214.0
225.0
215.0
229.0
216.0
233.0
217.0
238.0
218.0
242.0
218.0
246.0
218.0
250.0
219.0
255.0
219.0
262.0
220.0
268.0
221.0
275.0
222.0
281.0
223.0
290.0
224.0
293.0
225.0
299.0
226.0
303.0
227.0
308.0
228.0
313.0
230.0
320.0
232.0
326.0
234.0
335.0
237.0
344.0
239.0
353.0
240.0
360.0
241.0
367.0
241.0
374.0
242.0
384.0
244.0
394.0
245.0
403.0
246.0
408.0
247.0
223.0
118.0
223.0
119.0
223.0
120.0
223.0
121.0
223.0
123.0
223.0
125.0
223.0
126.0
222.0
128.0
222.0
129.0
222.0
130.0
222.0
131.0
222.0
132.0
222.0
133.0
222.0
134.0
222.0
135.0
222.0
135.0
223.0
136.0
223.0
137.0
223.0
138.0
223.0
139.0
223.0
140.0
223.0
141.0
223.0
141.0
223.0
142.0
223.0
143.0
224.0
144.0
224.0
144.0
224.0
145.0
224.0
146.0
224.0
147.0
224.0
148.0
224.0
149.0
224.0
151.0
224.0
152.0
224.0
153.0
225.0
155.0
225.0
157.0
225.0
159.0
225.0
161.0
225.0
162.0
225.0
163.0
225.0
165.0
226.0
167.0
226.0
169.0
226.0
171.0
226.0
173.0
226.0
174.0
226.0
175.0
226.0
176.0
226.0
178.0
226.0
179.0
227.0
180.0
227.0
181.0
227.0
182.0
227.0
182.0
227.0
183.0
227.0
184.0
227.0
185.0
227.0
186.0
227.0
186.0
228.0
185.0
230.0
182.0
231.0
179.0
231.0
177.0
231.0
176.0
231.0
175.0
231.0
174.0
232.0
170.0
232.0
169.0
233.0
166.0
233.0
165.0
234.0
163.0
234.0
162.0
234.0
161.0
234.0
160.0
235.0
158.0
236.0
156.0
237.0
154.0
239.0
152.0
240.0
151.0
241.0
149.0
242.0
147.0
243.0
146.0
246.0
144.0
248.0
143.0
249.0
142.0
250.0
142.0
251.0
142.0
253.0
141.0
255.0
141.0
257.0
141.0
259.0
141.0
261.0
141.0
262.0
141.0
262.0
141.0
263.0
141.0
264.0
141.0
265.0
141.0
266.0
141.0
267.0
141.0
267.0
141.0
268.0
141.0
268.0
142.0
268.0
142.0
268.0
143.0
269.0
145.0
269.0
146.0
269.0
146.0
269.0
147.0
269.0
148.0
269.0
148.0
269.0
149.0
269.0
150.0
269.0
150.0
269.0
151.0
269.0
152.0
269.0
153.0
269.0
153.0
269.0
154.0
269.0
155.0
269.0
155.0
269.0
156.0
269.0
157.0
269.0
158.0
269.0
158.0
269.0
159.0
269.0
160.0
269.0
160.0
269.0
161.0
269.0
162.0
269.0
163.0
269.0
163.0
269.0
164.0
269.0
165.0
269.0
165.0
269.0
166.0
269.0
167.0
269.0
167.0
269.0
168.0
269.0
169.0
269.0
169.0
269.0
170.0
270.0
170.0
271.0
170.0
271.0
170.0
272.0
170.0
272.0
170.0
273.0
170.0
274.0
170.0
274.0
170.0
275.0
170.0
275.0
170.0
276.0
170.0
276.0
170.0
277.0
170.0
277.0
169.0
278.0
169.0
280.0
167.0
281.0
166.0
282.0
164.0
283.0
162.0
283.0
161.0
283.0
160.0
285.0
157.0
285.0
156.0
286.0
155.0
287.0
153.0
287.0
153.0
287.0
152.0
287.0
151.0
288.0
150.0
288.0
150.0
289.0
148.0
289.0
147.0
290.0
146.0
290.0
145.0
290.0
144.0
290.0
144.0
290.0
143.0
290.0
142.0
290.0
142.0
290.0
142.0
290.0
142.0
290.0
143.0
290.0
144.0
290.0
145.0
290.0
145.0
290.0
146.0
290.0
147.0
291.0
148.0
291.0
148.0
291.0
149.0
291.0
150.0
291.0
151.0
291.0
152.0
292.0
153.0
292.0
153.0
292.0
154.0
293.0
155.0
293.0
156.0
293.0
156.0
293.0
157.0
293.0
158.0
293.0
159.0
294.0
160.0
294.0
160.0
295.0
161.0
295.0
162.0
296.0
163.0
296.0
163.0
296.0
164.0
296.0
165.0
297.0
166.0
298.0
167.0
298.0
167.0
298.0
167.0
298.0
167.0
300.0
169.0
301.0
169.0
302.0
169.0
302.0
169.0
303.0
169.0
304.0
169.0
306.0
169.0
307.0
168.0
308.0
168.0
309.0
167.0
310.0
166.0
310.0
166.0
312.0
165.0
313.0
163.0
315.0
161.0
316.0
160.0
317.0
158.0
319.0
155.0
319.0
153.0
320.0
151.0
321.0
150.0
321.0
150.0
321.0
149.0
322.0
147.0
323.0
146.0
323.0
146.0
323.0
145.0
323.0
144.0
323.0
145.0
323.0
146.0
323.0
147.0
323.0
148.0
323.0
149.0
323.0
150.0
323.0
151.0
323.0
153.0
323.0
155.0
323.0
156.0
324.0
157.0
324.0
157.0
324.0
158.0
324.0
159.0
324.0
160.0
324.0
161.0
325.0
162.0
325.0
163.0
325.0
164.0
326.0
165.0
326.0
166.0
327.0
166.0
328.0
166.0
329.0
166.0
331.0
166.0
333.0
166.0
336.0
166.0
338.0
167.0
339.0
167.0
340.0
167.0
341.0
167.0
342.0
166.0
344.0
165.0
346.0
163.0
347.0
162.0
348.0
162.0
349.0
161.0
350.0
160.0
351.0
158.0
353.0
155.0
354.0
152.0
355.0
150.0
355.0
150.0
355.0
149.0
355.0
148.0
357.0
145.0
357.0
143.0
358.0
141.0
358.0
141.0
359.0
139.0
359.0
139.0
359.0
138.0
359.0
137.0
360.0
133.0
360.0
133.0
360.0
132.0
360.0
131.0
360.0
131.0
360.0
131.0
360.0
132.0
360.0
134.0
360.0
135.0
359.0
138.0
359.0
138.0
359.0
139.0
359.0
140.0
359.0
141.0
359.0
142.0
359.0
143.0
359.0
144.0
359.0
146.0
359.0
148.0
359.0
149.0
359.0
149.0
359.0
150.0
359.0
151.0
359.0
152.0
359.0
153.0
359.0
154.0
359.0
155.0
359.0
155.0
359.0
156.0
359.0
157.0
359.0
158.0
359.0
158.0
359.0
159.0
359.0
159.0
359.0
159.0
360.0
159.0
361.0
159.0
361.0
159.0
363.0
159.0
363.0
159.0
365.0
160.0
365.0
160.0
366.0
160.0
367.0
160.0
368.0
160.0
368.0
160.0
369.0
160.0
370.0
159.0
371.0
159.0
372.0
159.0
372.0
159.0
373.0
159.0
374.0
159.0
375.0
158.0
375.0
158.0
376.0
157.0
376.0
157.0
377.0
157.0
378.0
156.0
379.0
155.0
380.0
153.0
381.0
153.0
381.0
151.0
382.0
150.0
383.0
148.0
384.0
147.0
385.0
146.0
385.0
146.0
385.0
143.0
385.0
142.0
385.0
140.0
385.0
139.0
385.0
138.0
385.0
137.0
385.0
137.0
385.0
135.0
385.0
134.0
385.0
133.0
385.0
132.0
385.0
131.0
385.0
130.0
385.0
129.0
385.0
129.0
385.0
128.0
385.0
127.0
385.0
126.0
384.0
126.0
384.0
126.0
383.0
126.0
383.0
126.0
382.0
126.0
381.0
126.0
380.0
126.0
380.0
126.0
379.0
126.0
378.0
126.0
378.0
126.0
377.0
126.0
377.0
126.0
376.0
126.0
375.0
126.0
375.0
126.0
374.0
126.0
374.0
126.0
373.0
126.0
373.0
126.0
373.0
126.0
374.0
126.0
374.0
126.0
375.0
126.0
376.0
126.0
376.0
126.0
377.0
126.0
378.0
126.0
378.0
126.0
379.0
126.0
379.0
126.0
380.0
126.0
381.0
126.0
381.0
126.0
382.0
126.0
383.0
126.0
383.0
126.0
384.0
126.0
384.0
126.0
385.0
126.0
386.0
126.0
386.0
126.0
387.0
126.0
387.0
126.0
388.0
126.0
388.0
126.0
389.0
126.0
390.0
126.0
390.0
126.0
391.0
126.0
391.0
126.0
392.0
125.0
392.0
125.0
393.0
125.0
394.0
125.0
394.0
124.0
395.0
124.0
395.0
123.0
396.0
123.0
396.0
123.0
396.0
123.0
397.0
123.0
397.0
122.0
398.0
122.0
398.0
123.0
398.0
124.0
400.0
128.0
400.0
129.0
400.0
131.0
400.0
133.0
400.0
135.0
400.0
136.0
400.0
139.0
400.0
142.0
400.0
144.0
400.0
146.0
400.0
148.0
400.0
150.0
400.0
152.0
400.0
153.0
400.0
154.0
400.0
154.0
400.0
155.0
400.0
156.0
400.0
157.0
400.0
158.0
400.0
159.0
400.0
159.0
399.0
157.0
399.0
155.0
399.0
153.0
399.0
151.0
399.0
149.0
399.0
147.0
399.0
146.0
399.0
145.0
399.0
144.0
399.0
143.0
399.0
142.0
399.0
141.0
399.0
141.0
400.0
139.0
401.0
138.0
401.0
137.0
402.0
136.0
403.0
135.0
404.0
133.0
407.0
130.0
409.0
129.0
410.0
128.0
411.0
127.0
411.0
126.0
413.0
124.0
413.0
124.0
414.0
124.0
415.0
124.0
415.0
124.0
416.0
124.0
417.0
124.0
417.0
124.0
418.0
124.0
419.0
124.0
419.0
124.0
420.0
125.0
420.0
125.0
420.0
126.0
420.0
127.0
420.0
128.0
420.0
129.0
420.0
130.0
420.0
132.0
420.0
134.0
420.0
136.0
420.0
138.0
420.0
140.0
420.0
141.0
420.0
143.0
420.0
145.0
420.0
146.0
420.0
148.0
420.0
149.0
420.0
151.0
420.0
152.0
420.0
153.0
420.0
154.0
420.0
155.0
420.0
156.0
420.0
155.0
420.0
153.0
420.0
151.0
420.0
150.0
420.0
149.0
420.0
148.0
420.0
147.0
420.0
145.0
420.0
143.0
420.0
142.0
420.0
141.0
420.0
140.0
420.0
139.0
422.0
137.0
423.0
135.0
424.0
133.0
424.0
133.0
424.0
132.0
424.0
131.0
424.0
130.0
424.0
129.0
424.0
128.0
424.0
127.0
425.0
127.0
425.0
127.0
426.0
127.0
426.0
127.0
427.0
127.0
428.0
127.0
429.0
127.0
429.0
127.0
430.0
127.0
430.0
127.0
431.0
127.0
432.0
127.0
432.0
127.0
433.0
127.0
433.0
127.0
434.0
127.0
434.0
127.0
435.0
127.0
435.0
128.0
436.0
128.0
436.0
128.0
437.0
129.0
438.0
129.0
439.0
130.0
440.0
131.0
440.0
132.0
441.0
133.0
441.0
133.0
442.0
135.0
442.0
135.0
442.0
136.0
442.0
137.0
442.0
137.0
442.0
138.0
442.0
139.0
442.0
140.0
442.0
141.0
442.0
143.0
442.0
144.0
442.0
146.0
442.0
147.0
442.0
148.0
442.0
149.0
442.0
150.0
442.0
151.0
442.0
151.0
442.0
151.0
444.0
151.0
445.0
151.0
445.0
151.0
447.0
151.0
449.0
152.0
451.0
151.0
452.0
151.0
453.0
150.0
454.0
149.0
455.0
149.0
456.0
148.0
457.0
147.0
459.0
146.0
462.0
143.0
463.0
141.0
465.0
139.0
466.0
138.0
467.0
137.0
468.0
135.0
469.0
133.0
470.0
131.0
471.0
129.0
471.0
128.0
472.0
127.0
473.0
126.0
474.0
123.0
475.0
121.0
476.0
118.0
476.0
117.0
476.0
115.0
476.0
114.0
476.0
113.0
476.0
112.0
476.0
111.0
476.0
110.0
476.0
109.0
476.0
108.0
476.0
108.0
476.0
108.0
475.0
108.0
474.0
108.0
474.0
108.0
473.0
107.0
471.0
107.0
470.0
107.0
468.0
108.0
467.0
109.0
466.0
111.0
465.0
113.0
464.0
114.0
463.0
115.0
462.0
117.0
461.0
119.0
460.0
121.0
459.0
123.0
458.0
124.0
458.0
125.0
458.0
125.0
458.0
127.0
458.0
127.0
458.0
128.0
458.0
129.0
458.0
130.0
458.0
131.0
458.0
132.0
458.0
133.0
458.0
134.0
458.0
135.0
458.0
136.0
458.0
136.0
458.0
137.0
458.0
138.0
458.0
138.0
458.0
139.0
458.0
140.0
458.0
141.0
459.0
142.0
459.0
142.0
460.0
142.0
460.0
142.0
461.0
142.0
462.0
142.0
463.0
142.0
464.0
142.0
465.0
142.0
466.0
142.0
466.0
142.0
467.0
142.0
468.0
142.0
468.0
142.0
469.0
142.0
470.0
142.0
470.0
142.0
471.0
142.0
472.0
142.0
473.0
141.0
473.0
141.0
474.0
141.0
475.0
140.0
475.0
140.0
476.0
139.0
477.0
139.0
477.0
139.0
479.0
138.0
480.0
137.0
481.0
136.0
482.0
135.0
484.0
134.0
484.0
134.0
485.0
133.0
486.0
132.0
487.0
131.0
489.0
130.0
490.0
129.0
491.0
128.0
492.0
127.0
493.0
126.0
494.0
125.0
495.0
123.0
496.0
122.0
497.0
120.0
498.0
119.0
499.0
116.0
499.0
115.0
500.0
113.0
501.0
111.0
501.0
111.0
501.0
110.0
501.0
109.0
501.0
108.0
501.0
107.0
501.0
107.0
501.0
107.0
501.0
109.0
501.0
112.0
500.0
115.0
500.0
117.0
500.0
119.0
500.0
120.0
499.0
121.0
499.0
124.0
498.0
125.0
497.0
127.0
497.0
129.0
497.0
130.0
497.0
131.0
497.0
132.0
497.0
133.0
497.0
133.0
497.0
129.0
498.0
124.0
499.0
121.0
499.0
119.0
499.0
118.0
499.0
117.0
499.0
116.0
500.0
114.0
501.0
112.0
502.0
111.0
502.0
110.0
502.0
109.0
502.0
109.0
503.0
107.0
504.0
106.0
505.0
104.0
506.0
103.0
507.0
103.0
507.0
103.0
508.0
103.0
508.0
103.0
509.0
103.0
509.0
103.0
510.0
103.0
510.0
103.0
511.0
103.0
511.0
103.0
512.0
102.0
512.0
102.0
513.0
103.0
513.0
103.0
514.0
103.0
514.0
103.0
514.0
104.0
516.0
106.0
517.0
108.0
517.0
110.0
517.0
112.0
517.0
113.0
517.0
114.0
517.0
115.0
517.0
116.0
517.0
117.0
517.0
118.0
517.0
119.0
517.0
121.0
517.0
122.0
517.0
123.0
517.0
124.0
517.0
124.0
517.0
125.0
517.0
126.0
517.0
127.0
517.0
128.0
517.0
129.0
517.0
129.0
517.0
130.0
517.0
131.0
517.0
131.0
517.0
132.0
517.0
132.0
517.0
132.0
518.0
132.0
520.0
132.0
521.0
132.0
523.0
132.0
525.0
133.0
526.0
133.0
527.0
133.0
528.0
133.0
529.0
133.0
529.0
133.0
530.0
132.0
532.0
131.0
534.0
130.0
536.0
128.0
538.0
126.0
540.0
124.0
542.0
121.0
543.0
120.0
544.0
118.0
545.0
116.0
546.0
112.0
547.0
109.0
547.0
105.0
547.0
103.0
547.0
101.0
547.0
100.0
547.0
100.0
547.0
98.0
547.0
96.0
547.0
94.0
547.0
92.0
547.0
91.0
547.0
90.0
547.0
89.0
547.0
88.0
547.0
87.0
547.0
85.0
546.0
84.0
546.0
84.0
546.0
83.0
546.0
81.0
545.0
80.0
545.0
80.0
545.0
80.0
544.0
80.0
544.0
80.0
543.0
80.0
542.0
80.0
542.0
80.0
541.0
80.0
540.0
80.0
540.0
80.0
539.0
80.0
538.0
81.0
538.0
82.0
538.0
84.0
538.0
86.0
538.0
87.0
538.0
88.0
538.0
89.0
538.0
89.0
538.0
90.0
538.0
91.0
538.0
93.0
538.0
95.0
538.0
97.0
538.0
99.0
538.0
100.0
537.0
101.0
537.0
103.0
537.0
103.0
537.0
104.0
537.0
105.0
538.0
106.0
538.0
108.0
539.0
110.0
539.0
110.0
539.0
111.0
539.0
112.0
539.0
113.0
539.0
114.0
540.0
115.0
541.0
116.0
542.0
117.0
542.0
118.0
543.0
119.0
544.0
120.0
545.0
121.0
547.0
122.0
547.0
122.0
549.0
124.0
551.0
124.0
552.0
124.0
553.0
124.0
553.0
124.0
554.0
124.0
555.0
124.0
556.0
124.0
556.0
124.0
558.0
124.0
559.0
124.0
559.0
124.0
560.0
124.0
561.0
124.0
562.0
124.0
563.0
123.0
565.0
122.0
567.0
120.0
568.0
119.0
569.0
118.0
570.0
117.0
571.0
114.0
573.0
110.0
573.0
109.0
573.0
108.0
573.0
107.0
573.0
106.0
573.0
105.0
573.0
103.0
573.0
101.0
573.0
99.0
573.0
98.0
573.0
97.0
573.0
96.0
573.0
96.0
573.0
95.0
573.0
95.0
573.0
94.0
573.0
93.0
573.0
93.0
573.0
92.0
574.0
91.0
575.0
88.0
576.0
87.0
577.0
86.0
577.0
86.0
578.0
86.0
579.0
85.0
580.0
84.0
582.0
83.0
584.0
82.0
584.0
82.0
585.0
82.0
584.0
82.0
584.0
82.0
584.0
82.0
583.0
82.0
583.0
82.0
582.0
82.0
581.0
83.0
580.0
83.0
579.0
85.0
577.0
87.0
576.0
89.0
575.0
90.0
574.0
91.0
573.0
92.0
572.0
93.0
571.0
94.0
570.0
97.0
570.0
99.0
569.0
102.0
569.0
104.0
569.0
106.0
569.0
107.0
569.0
108.0
569.0
109.0
569.0
110.0
569.0
111.0
569.0
111.0
569.0
113.0
569.0
114.0
569.0
115.0
570.0
118.0
571.0
119.0
574.0
121.0
575.0
121.0
577.0
121.0
577.0
121.0
578.0
121.0
580.0
121.0
582.0
120.0
585.0
117.0
587.0
114.0
589.0
110.0
591.0
108.0
591.0
107.0
592.0
105.0
592.0
104.0
592.0
103.0
592.0
100.0
592.0
98.0
592.0
97.0
592.0
96.0
592.0
95.0
592.0
94.0
592.0
93.0
592.0
92.0
592.0
91.0
592.0
90.0
592.0
89.0
592.0
88.0
592.0
89.0
593.0
90.0
594.0
91.0
594.0
91.0
595.0
92.0
596.0
93.0
597.0
93.0
598.0
93.0
598.0
93.0
599.0
93.0
600.0
94.0
601.0
95.0
602.0
96.0
604.0
96.0
607.0
97.0
609.0
97.0
611.0
97.0
611.0
97.0
612.0
97.0
614.0
97.0
616.0
97.0
617.0
97.0
619.0
97.0
620.0
97.0
621.0
97.0
623.0
97.0
624.0
97.0
625.0
97.0
626.0
97.0
627.0
96.0
628.0
95.0
630.0
94.0
631.0
93.0
634.0
90.0
636.0
87.0
638.0
82.0
639.0
79.0
640.0
76.0
640.0
75.0
628.0
67.0
628.0
67.0
627.0
66.0
627.0
65.0
627.0
65.0
626.0
64.0
625.0
63.0
625.0
62.0
624.0
60.0
624.0
60.0
623.0
59.0
622.0
56.0
620.0
54.0
620.0
52.0
619.0
51.0
618.0
50.0
617.0
47.0
617.0
45.0
617.0
44.0
617.0
43.0
617.0
42.0
617.0
41.0
617.0
40.0
617.0
39.0
617.0
38.0
617.0
37.0
617.0
36.0
617.0
35.0
617.0
33.0
618.0
32.0
618.0
32.0
618.0
31.0
618.0
31.0
618.0
30.0
618.0
29.0
619.0
28.0
620.0
27.0
621.0
27.0
621.0
27.0
622.0
27.0
622.0
27.0
623.0
27.0
624.0
27.0
624.0
27.0
626.0
27.0
627.0
27.0
627.0
27.0
628.0
27.0
629.0
27.0
629.0
27.0
631.0
28.0
632.0
29.0
635.0
32.0
636.0
34.0
637.0
37.0
638.0
39.0
638.0
41.0
638.0
42.0
638.0
44.0
638.0
46.0
638.0
48.0
638.0
50.0
638.0
50.0
638.0
52.0
638.0
52.0
638.0
53.0
638.0
54.0
638.0
55.0
638.0
56.0
638.0
57.0
638.0
58.0
638.0
59.0
638.0
60.0
638.0
61.0
638.0
61.0
638.0
62.0
638.0
62.0
638.0
63.0
638.0
64.0
638.0
65.0
638.0
65.0
638.0
66.0
638.0
66.0
636.0
87.0
636.0
87.0
636.0
88.0
636.0
88.0
636.0
89.0
635.0
89.0
635.0
90.0
635.0
90.0
635.0
91.0
635.0
91.0
634.0
92.0
634.0
92.0
633.0
93.0
633.0
94.0
633.0
95.0
633.0
96.0
633.0
96.0
633.0
97.0
633.0
98.0
633.0
99.0
633.0
100.0
633.0
101.0
633.0
102.0
633.0
102.0
633.0
103.0
633.0
104.0
633.0
105.0
633.0
106.0
634.0
107.0
635.0
108.0
635.0
108.0
637.0
108.0
639.0
108.0
640.0
108.0
640.0
108.0
641.0
108.0
642.0
108.0
643.0
108.0
644.0
108.0
645.0
109.0
645.0
109.0
646.0
108.0
647.0
108.0
648.0
107.0
648.0
107.0
649.0
106.0
649.0
106.0
650.0
105.0
650.0
104.0
650.0
104.0
650.0
103.0
650.0
102.0
650.0
101.0
651.0
100.0
651.0
99.0
651.0
98.0
651.0
97.0
651.0
96.0
651.0
96.0
651.0
95.0
652.0
94.0
652.0
93.0
651.0
92.0
651.0
91.0
650.0
91.0
649.0
89.0
648.0
89.0
648.0
89.0
646.0
89.0
645.0
87.0
644.0
87.0
642.0
87.0
640.0
87.0
638.0
87.0
638.0
87.0
637.0
87.0
636.0
87.0
635.0
87.0
634.0
87.0
633.0
87.0
633.0
87.0
632.0
87.0
631.0
87.0
533.0
92.0
534.0
92.0
535.0
92.0
537.0
90.0
539.0
89.0
541.0
88.0
541.0
88.0
542.0
88.0
543.0
87.0
544.0
87.0
545.0
87.0
546.0
87.0
547.0
87.0
548.0
87.0
548.0
87.0
549.0
87.0
550.0
87.0
550.0
87.0
551.0
87.0
552.0
87.0
552.0
87.0
553.0
87.0
553.0
87.0
554.0
87.0
554.0
87.0
